********************************************
* PUNTO-2: Probando con matriz de 20 x 15. *
********************************************
Matriz creada con 300 elementos.
 -61  58  45 -50   0 -43 -92 -52   3  66 -17 -58  48 -17 -59
 -98  90 -82 -87  54 -18 -48  64 -63  50  30 -73 -48  74 -59
 -41  93 -55 -19  92  44  30 -19  19 -28 -18  13  65  77  56
 -12 -26 -32 -83  52 -32  52  41  73  11   8  91 -87  43  61
 -74 -92 -36   8  61 -53 -40  96 -73  -3  68 -20   7  87  37
 -77  61  13 -83  -5  57  68 -21 -77 -59 -92 -81 -17 -61  87
 -63   1   1 -67  14 -68 -72   1   8  -5 -11  -2 -93  55  -2
 -43  64 -54  97 -11 -54  23  83  18  20 -58  81  19 -83  98
 -87  95  22 -40  31 -80 -36  -4  45 -62  26   7  49  -9  81
  -9 -57 -99  77  -9  -6  -8  62 -56 -39  35  59 -32  -7  56
 -98 -94  64  89 -56 -92  76  52  98 -20 -84  95  96 -86 -65
  -5 -34  27  20  10 -99  18 -88  43 -31  23 -79  62 -35  35
  -1  76 -70   1  36  98  41 -10  62  57  66 -25  29  91 -66
  71   0 -91  99 -84  73 -12  55 -37 -62 -20 -74  42  53  59
  96  93  20 -47  85  24  72  33 -50  68 -91  76 -56 -83  78
 -45  16 -46 -68 -90 -17  55  74 -47  25   9  90 -86  24 -40
 -85  -6 -21  70 -26 -32  86  -1 -59  18 -66  48  -5  -2  35
 -79  81 -69 -88  11 -56  54  79 -43 -73 -33 -11  52 -85 -28
 -81  50 -13 -18  97   7  38 -49 -57 -75   7 -78 -46  15 -31
 -13 -56  17  52  72  25  72 -87 -54  13 -90 -75  37  88 -99
Se mostraron los 300 elementos de la matriz.

Se procede a trasponerla con respecto al centro.
Se hicieron 150 intercambios de los elementos de la matriz.
Se procede a mostrarla.
 -99  88  37 -75 -90  13 -54 -87  72  25  72  52  17 -56 -13
 -31  15 -46 -78   7 -75 -57 -49  38   7  97 -18 -13  50 -81
 -28 -85  52 -11 -33 -73 -43  79  54 -56  11 -88 -69  81 -79
  35  -2  -5  48 -66  18 -59  -1  86 -32 -26  70 -21  -6 -85
 -40  24 -86  90   9  25 -47  74  55 -17 -90 -68 -46  16 -45
  78 -83 -56  76 -91  68 -50  33  72  24  85 -47  20  93  96
  59  53  42 -74 -20 -62 -37  55 -12  73 -84  99 -91   0  71
 -66  91  29 -25  66  57  62 -10  41  98  36   1 -70  76  -1
  35 -35  62 -79  23 -31  43 -88  18 -99  10  20  27 -34  -5
 -65 -86  96  95 -84 -20  98  52  76 -92 -56  89  64 -94 -98
  56  -7 -32  59  35 -39 -56  62  -8  -6  -9  77 -99 -57  -9
  81  -9  49   7  26 -62  45  -4 -36 -80  31 -40  22  95 -87
  98 -83  19  81 -58  20  18  83  23 -54 -11  97 -54  64 -43
  -2  55 -93  -2 -11  -5   8   1 -72 -68  14 -67   1   1 -63
  87 -61 -17 -81 -92 -59 -77 -21  68  57  -5 -83  13  61 -77
  37  87   7 -20  68  -3 -73  96 -40 -53  61   8 -36 -92 -74
  61  43 -87  91   8  11  73  41  52 -32  52 -83 -32 -26 -12
  56  77  65  13 -18 -28  19 -19  30  44  92 -19 -55  93 -41
 -59  74 -48 -73  30  50 -63  64 -48 -18  54 -87 -82  90 -98
 -59 -17  48 -58 -17  66   3 -52 -92 -43   0 -50  45  58 -61
Se mostraron los 300 elementos de la matriz.

Se procede a mostrar la triangular superior.
 -99  88  37 -75 -90  13 -54 -87  72  25  72  52  17 -56 -13
      15 -46 -78   7 -75 -57 -49  38   7  97 -18 -13  50 -81
          52 -11 -33 -73 -43  79  54 -56  11 -88 -69  81 -79
              48 -66  18 -59  -1  86 -32 -26  70 -21  -6 -85
                   9  25 -47  74  55 -17 -90 -68 -46  16 -45
                      68 -50  33  72  24  85 -47  20  93  96
                         -37  55 -12  73 -84  99 -91   0  71
                             -10  41  98  36   1 -70  76  -1
                                  18 -99  10  20  27 -34  -5
                                     -92 -56  89  64 -94 -98
                                          -9  77 -99 -57  -9
                                             -40  22  95 -87
                                                 -54  64 -43
                                                       1 -63
                                                         -77
Se mostraron los 120 elementos de la triangular superior.
********************************************
*           Fin ejecución PUNTO-2          *
********************************************

